33,315,193,450,stop
