161,9,716,364,non_empty
125,305,732,961,non_empty
32,299,95,426,empty
17,866,88,987,empty
23,739,101,838,empty
34,959,69,993,empty
24,121,91,187,empty
